2 0
2 1
1 2
1 3
2 4
3 5
2 6
2 7
3 8
4 9
4 10
5 11
5 12
6 13
6 14
6 15
6 16
7 17
8 18
8 19
8 20
8 21
8 22
8 23
8 24
7 25
6 26
6 27
5 28
5 29
4 30
3 31
4 32
4 33
4 34
4 35
4 36
4 37
5 38
5 39
6 40
7 41
7 42
6 43
6 44
6 45
7 46
8 47
8 48
8 49
9 50
8 51
8 52
7 53
7 54
7 55
6 56
6 57
5 58
6 59
5 60
5 61
4 62
4 63
3 64
3 65
2 66
2 67
2 68
2 69
1 70
0 71
0 72
0 73
0 74
0 75
0 76
0 77
0 78
1 79
2 80
3 81
3 82
4 83
4 84
4 85
3 86
4 87
5 88
4 89
4 90
5 91
6 92
5 93
5 94
5 95
5 96
4 97
5 98
6 99
5 100
6 101
6 102
6 103
7 104
8 105
7 106
6 107
6 108
6 109
5 110
5 111
6 112
7 113
7 114
7 115
6 116
5 117
5 118
6 119
5 120
5 121
6 122
6 123
7 124
6 125
5 126
5 127
5 128
4 129
4 130
5 131
6 132
7 133
8 134
9 135
8 136
8 137
9 138
9 139
9 140
9 141
8 142
8 143
9 144
9 145
9 146
9 147
10 148
11 149
12 150
13 151
13 152
14 153
14 154
15 155
15 156
15 157
16 158
17 159
16 160
15 161
14 162
14 163
14 164
13 165
13 166
13 167
13 168
14 169
13 170
13 171
13 172
12 173
12 174
11 175
12 176
11 177
12 178
13 179
12 180
11 181
12 182
13 183
12 184
13 185
13 186
14 187
15 188
16 189
16 190
15 191
14 192
13 193
13 194
13 195
12 196
11 197
10 198
11 199
11 200
11 201
12 202
13 203
14 204
15 205
15 206
15 207
16 208
17 209
18 210
17 211
18 212
18 213
18 214
18 215
18 216
19 217
19 218
19 219
18 220
18 221
18 222
18 223
18 224
18 225
18 226
17 227
17 228
18 229
19 230
20 231
21 232
22 233
22 234
23 235
22 236
21 237
21 238
20 239
21 240
20 241
21 242
20 243
19 244
19 245
19 246
19 247
18 248
18 249
19 250
18 251
17 252
16 253
16 254
16 255
16 256
15 257
16 258
16 259
16 260
16 261
15 262
14 263
13 264
14 265
15 266
16 267
17 268
17 269
17 270
16 271
15 272
16 273
17 274
17 275
17 276
17 277
18 278
18 279
17 280
17 281
17 282
17 283
17 284
18 285
18 286
17 287
18 288
17 289
16 290
16 291
17 292
17 293
18 294
18 295
19 296
19 297
19 298
19 299
19 300
19 301
18 302
17 303
17 304
18 305
18 306
18 307
19 308
20 309
20 310
20 311
19 312
19 313
19 314
19 315
20 316
20 317
20 318
19 319
20 320
21 321
21 322
20 323
21 324
22 325
21 326
22 327
23 328
24 329
25 330
24 331
24 332
25 333
25 334
26 335
27 336
27 337
28 338
28 339
27 340
27 341
27 342
27 343
27 344
27 345
26 346
26 347
26 348
27 349
27 350
28 351
29 352
29 353
29 354
30 355
31 356
31 357
30 358
31 359
32 360
32 361
33 362
34 363
35 364
36 365
37 366
38 367
39 368
40 369
41 370
42 371
42 372
43 373
44 374
43 375
42 376
42 377
42 378
41 379
41 380
41 381
41 382
42 383
42 384
43 385
44 386
45 387
44 388
45 389
44 390
45 391
44 392
44 393
44 394
44 395
45 396
44 397
44 398
43 399
44 400
45 401
45 402
45 403
45 404
45 405
45 406
45 407
46 408
47 409
47 410
47 411
46 412
46 413
47 414
47 415
47 416
47 417
47 418
47 419
48 420
49 421
50 422
49 423
48 424
47 425
48 426
48 427
49 428
49 429
49 430
49 431
49 432
49 433
49 434
48 435
47 436
48 437
47 438
47 439
47 440
47 441
47 442
47 443
48 444
49 445
50 446
51 447
52 448
52 449
52 450
52 451
53 452
54 453
55 454
55 455
54 456
55 457
56 458
57 459
58 460
59 461
58 462
59 463
58 464
59 465
60 466
61 467
62 468
61 469
62 470
61 471
61 472
61 473
61 474
62 475
61 476
62 477
63 478
64 479
64 480
65 481
65 482
65 483
65 484
66 485
67 486
68 487
67 488
68 489
68 490
68 491
67 492
67 493
66 494
66 495
67 496
67 497
68 498
68 499
67 500
66 501
66 502
65 503
65 504
64 505
64 506
64 507
64 508
64 509
64 510
63 511
63 512
62 513
62 514
63 515
63 516
63 517
63 518
64 519
64 520
65 521
64 522
63 523
62 524
63 525
62 526
62 527
63 528
62 529
63 530
62 531
61 532
60 533
60 534
60 535
61 536
62 537
63 538
63 539
62 540
63 541
63 542
62 543
61 544
60 545
60 546
60 547
60 548
59 549
60 550
59 551
59 552
59 553
59 554
60 555
59 556
58 557
57 558
56 559
55 560
55 561
54 562
53 563
52 564
51 565
51 566
50 567
49 568
48 569
47 570
46 571
47 572
48 573
47 574
48 575
47 576
48 577
48 578
48 579
48 580
48 581
48 582
49 583
49 584
50 585
51 586
52 587
52 588
53 589
53 590
54 591
54 592
55 593
55 594
55 595
55 596
54 597
55 598
55 599
56 600
57 601
58 602
57 603
58 604
59 605
60 606
61 607
61 608
62 609
63 610
64 611
65 612
66 613
66 614
66 615
67 616
67 617
68 618
69 619
70 620
71 621
72 622
73 623
74 624
74 625
75 626
75 627
76 628
76 629
77 630
77 631
78 632
79 633
80 634
80 635
81 636
82 637
82 638
82 639
81 640
82 641
82 642
82 643
82 644
81 645
81 646
80 647
79 648
79 649
78 650
78 651
77 652
77 653
76 654
75 655
75 656
74 657
74 658
73 659
73 660
73 661
73 662
72 663
72 664
71 665
70 666
70 667
69 668
68 669
68 670
67 671
68 672
67 673
67 674
67 675
66 676
65 677
64 678
64 679
63 680
62 681
61 682
61 683
60 684
60 685
60 686
59 687
58 688
57 689
56 690
55 691
54 692
53 693
53 694
52 695
51 696
51 697
51 698
52 699
51 700
50 701
49 702
48 703
47 704
46 705
45 706
44 707
43 708
43 709
42 710
42 711
41 712
41 713
40 714
40 715
40 716
39 717
39 718
38 719
38 720
38 721
37 722
37 723
36 724
36 725
35 726
35 727
34 728
33 729
33 730
33 731
33 732
33 733
32 734
32 735
32 736
32 737
32 738
31 739
31 740
31 741
32 742
31 743
32 744
32 745
32 746
32 747
32 748
33 749
34 750
34 751
34 752
35 753
35 754
34 755
33 756
34 757
35 758
34 759
35 760
36 761
37 762
36 763
37 764
37 765
36 766
36 767
35 768
35 769
35 770
34 771
34 772
34 773
35 774
35 775
35 776
35 777
35 778
34 779
34 780
33 781
32 782
31 783
32 784
33 785
34 786
34 787
34 788
34 789
34 790
33 791
33 792
33 793
32 794
32 795
33 796
33 797
34 798
33 799
33 800
33 801
33 802
33 803
33 804
34 805
34 806
34 807
34 808
34 809
34 810
35 811
35 812
35 813
35 814
35 815
35 816
36 817
36 818
37 819
38 820
38 821
37 822
36 823
36 824
36 825
36 826
36 827
36 828
36 829
36 830
36 831
37 832
36 833
37 834
36 835
36 836
36 837
36 838
35 839
35 840
36 841
37 842
38 843
