11 0
12 1
12 2
12 3
12 4
12 5
12 6
13 7
13 8
13 9
13 10
13 11
13 12
14 13
14 14
15 15
16 16
16 17
17 18
17 19
18 20
19 21
19 22
20 23
21 24
20 25
20 26
21 27
22 28
23 29
23 30
23 31
23 32
23 33
23 34
23 35
23 36
24 37
23 38
22 39
23 40
24 41
23 42
23 43
24 44
23 45
24 46
23 47
22 48
21 49
20 50
20 51
20 52
19 53
18 54
18 55
17 56
16 57
17 58
17 59
16 60
17 61
17 62
17 63
16 64
16 65
15 66
14 67
13 68
12 69
12 70
12 71
11 72
10 73
9 74
9 75
9 76
10 77
10 78
10 79
11 80
10 81
10 82
10 83
11 84
11 85
12 86
13 87
12 88
13 89
13 90
14 91
14 92
14 93
14 94
14 95
14 96
14 97
14 98
13 99
12 100
12 101
12 102
12 103
12 104
12 105
13 106
13 107
13 108
12 109
11 110
10 111
9 112
9 113
8 114
8 115
7 116
8 117
7 118
7 119
7 120
7 121
7 122
7 123
6 124
5 125
4 126
4 127
3 128
2 129
1 130
1 131
2 132
1 133
1 134
0 135
0 136
0 137
0 138
0 139
0 140
0 141
0 142
0 143
0 144
0 145
0 146
0 147
0 148
0 149
0 150
1 151
1 152
1 153
2 154
2 155
2 156
2 157
2 158
1 159
0 160
0 161
0 162
0 163
0 164
0 165
1 166
1 167
1 168
2 169
2 170
2 171
2 172
2 173
2 174
2 175
3 176
4 177
5 178
5 179
4 180
3 181
3 182
3 183
2 184
3 185
3 186
3 187
3 188
3 189
3 190
4 191
3 192
2 193
3 194
3 195
4 196
4 197
3 198
2 199
3 200
2 201
1 202
0 203
0 204
0 205
1 206
0 207
0 208
0 209
0 210
0 211
0 212
0 213
0 214
0 215
0 216
0 217
0 218
0 219
0 220
0 221
0 222
1 223
1 224
1 225
1 226
2 227
2 228
1 229
1 230
1 231
1 232
0 233
0 234
0 235
0 236
0 237
0 238
0 239
1 240
0 241
1 242
2 243
2 244
1 245
0 246
0 247
0 248
0 249
0 250
1 251
1 252
1 253
1 254
1 255
1 256
1 257
1 258
2 259
1 260
0 261
1 262
1 263
1 264
2 265
3 266
3 267
3 268
4 269
5 270
6 271
6 272
7 273
7 274
8 275
9 276
9 277
10 278
11 279
12 280
11 281
11 282
11 283
11 284
12 285
11 286
10 287
10 288
9 289
8 290
7 291
6 292
6 293
6 294
5 295
6 296
5 297
4 298
3 299
3 300
3 301
2 302
2 303
1 304
0 305
0 306
0 307
0 308
0 309
1 310
2 311
3 312
3 313
3 314
4 315
4 316
4 317
5 318
6 319
6 320
6 321
7 322
8 323
8 324
9 325
9 326
9 327
9 328
9 329
9 330
9 331
9 332
10 333
10 334
10 335
10 336
10 337
9 338
9 339
9 340
9 341
10 342
9 343
9 344
10 345
9 346
10 347
10 348
10 349
10 350
11 351
11 352
12 353
12 354
12 355
12 356
11 357
12 358
12 359
12 360
12 361
12 362
13 363
14 364
14 365
15 366
16 367
17 368
18 369
19 370
20 371
20 372
21 373
20 374
20 375
20 376
20 377
21 378
20 379
19 380
20 381
19 382
18 383
17 384
16 385
15 386
14 387
14 388
14 389
14 390
14 391
14 392
14 393
14 394
14 395
14 396
15 397
14 398
14 399
14 400
14 401
15 402
15 403
15 404
15 405
15 406
15 407
16 408
16 409
15 410
15 411
15 412
15 413
15 414
15 415
16 416
17 417
16 418
15 419
15 420
15 421
14 422
14 423
14 424
14 425
14 426
15 427
15 428
15 429
15 430
16 431
17 432
16 433
17 434
17 435
17 436
17 437
17 438
16 439
17 440
17 441
17 442
16 443
17 444
17 445
17 446
16 447
16 448
16 449
15 450
16 451
17 452
18 453
17 454
16 455
16 456
17 457
16 458
16 459
17 460
17 461
17 462
18 463
17 464
18 465
17 466
16 467
15 468
15 469
15 470
16 471
15 472
14 473
13 474
12 475
12 476
12 477
12 478
13 479
14 480
13 481
12 482
12 483
11 484
11 485
11 486
12 487
13 488
13 489
13 490
13 491
13 492
12 493
12 494
13 495
14 496
14 497
14 498
13 499
14 500
13 501
12 502
12 503
12 504
12 505
11 506
11 507
11 508
11 509
10 510
11 511
10 512
9 513
9 514
10 515
9 516
8 517
8 518
9 519
9 520
9 521
9 522
9 523
9 524
9 525
9 526
9 527
9 528
8 529
8 530
8 531
8 532
8 533
7 534
7 535
6 536
6 537
5 538
4 539
4 540
3 541
4 542
4 543
4 544
4 545
4 546
5 547
6 548
6 549
7 550
6 551
7 552
6 553
6 554
6 555
6 556
6 557
5 558
5 559
6 560
6 561
6 562
7 563
7 564
7 565
7 566
6 567
6 568
5 569
6 570
6 571
6 572
7 573
6 574
7 575
8 576
9 577
8 578
8 579
7 580
8 581
8 582
9 583
9 584
9 585
9 586
9 587
8 588
9 589
9 590
8 591
9 592
9 593
9 594
8 595
8 596
8 597
8 598
7 599
6 600
5 601
6 602
7 603
7 604
6 605
6 606
6 607
7 608
7 609
7 610
7 611
7 612
6 613
5 614
5 615
4 616
3 617
2 618
1 619
0 620
0 621
1 622
1 623
1 624
2 625
1 626
2 627
2 628
1 629
1 630
2 631
1 632
0 633
0 634
0 635
1 636
2 637
3 638
4 639
3 640
4 641
4 642
4 643
5 644
5 645
4 646
4 647
3 648
2 649
2 650
2 651
2 652
1 653
0 654
0 655
0 656
1 657
1 658
1 659
0 660
0 661
0 662
0 663
0 664
0 665
1 666
1 667
1 668
1 669
2 670
3 671
3 672
2 673
1 674
2 675
2 676
1 677
1 678
1 679
1 680
1 681
1 682
1 683
1 684
1 685
1 686
0 687
0 688
1 689
1 690
2 691
2 692
1 693
1 694
1 695
1 696
1 697
0 698
0 699
1 700
0 701
0 702
1 703
1 704
0 705
0 706
1 707
1 708
0 709
1 710
0 711
0 712
0 713
0 714
0 715
0 716
0 717
0 718
0 719
1 720
1 721
1 722
0 723
0 724
1 725
0 726
0 727
1 728
0 729
0 730
0 731
0 732
0 733
1 734
1 735
1 736
1 737
1 738
1 739
2 740
2 741
3 742
3 743
3 744
3 745
2 746
2 747
1 748
1 749
1 750
0 751
0 752
0 753
0 754
1 755
0 756
0 757
0 758
0 759
1 760
0 761
1 762
2 763
2 764
2 765
2 766
2 767
2 768
1 769
0 770
1 771
1 772
1 773
2 774
2 775
1 776
0 777
1 778
1 779
1 780
1 781
0 782
0 783
1 784
0 785
0 786
1 787
0 788
1 789
1 790
1 791
1 792
1 793
1 794
1 795
0 796
1 797
0 798
0 799
1 800
0 801
1 802
2 803
2 804
1 805
0 806
1 807
1 808
1 809
1 810
1 811
1 812
0 813
0 814
0 815
0 816
0 817
0 818
1 819
1 820
0 821
0 822
1 823
0 824
0 825
0 826
0 827
0 828
0 829
0 830
1 831
0 832
1 833
0 834
1 835
2 836
2 837
2 838
2 839
2 840
2 841
2 842
1 843
