1 0
8 1
308 2
44 3
2 4
2 5
171 6
9 7
169 8
71 9
262 10
11 11
9 12
7 13
8 14
70 15
10 16
7 17
160 18
159 19
9 20
183 21
150 22
152 23
251 24
388 25
74 26
1 27
81 28
279 29
8 30
9 31
3 32
283 33
7 34
48 35
338 36
12 37
4 38
5 39
59 40
183 41
163 42
54 43
56 44
190 45
60 46
25 47
50 48
190 49
373 50
183 51
53 52
32 53
1 54
152 55
194 56
23 57
250 58
254 59
420 60
17 61
40 62
0 63
7 64
210 65
201 66
374 67
7 68
120 69
116 70
140 71
112 72
212 73
196 74
133 75
423 76
149 77
147 78
189 79
59 80
18 81
279 82
2 83
198 84
18 85
10 86
2 87
107 88
336 89
20 90
5 91
28 92
142 93
146 94
470 95
134 96
286 97
479 98
9 99
47 100
15 101
21 102
466 103
143 104
40 105
1 106
225 107
38 108
67 109
50 110
260 111
62 112
472 113
52 114
112 115
302 116
4 117
51 118
48 119
21 120
304 121
20 122
42 123
9 124
120 125
8 126
56 127
185 128
68 129
112 130
6 131
252 132
306 133
210 134
1 135
307 136
60 137
469 138
2 139
115 140
45 141
447 142
318 143
472 144
252 145
314 146
65 147
295 148
61 149
69 150
82 151
1 152
1 153
64 154
311 155
2 156
83 157
3 158
2 159
70 160
67 161
274 162
274 163
257 164
70 165
1 166
61 167
164 168
7 169
13 170
57 171
192 172
67 173
269 174
59 175
55 176
9 177
65 178
57 179
5 180
3 181
1 182
1 183
36 184
40 185
39 186
473 187
1 188
3 189
169 190
169 191
45 192
223 193
78 194
62 195
52 196
67 197
40 198
82 199
3 200
56 201
65 202
0 203
46 204
251 205
52 206
473 207
477 208
174 209
179 210
180 211
459 212
73 213
168 214
44 215
68 216
43 217
187 218
55 219
210 220
302 221
469 222
471 223
304 224
74 225
449 226
54 227
186 228
66 229
476 230
59 231
60 232
161 233
17 234
153 235
449 236
150 237
189 238
460 239
157 240
59 241
167 242
53 243
194 244
444 245
83 246
277 247
110 248
26 249
436 250
121 251
113 252
105 253
210 254
201 255
125 256
20 257
22 258
178 259
15 260
8 261
193 262
8 263
390 264
208 265
93 266
52 267
0 268
1 269
6 270
27 271
38 272
458 273
455 274
109 275
93 276
174 277
135 278
452 279
62 280
66 281
238 282
273 283
24 284
74 285
186 286
175 287
51 288
193 289
52 290
6 291
322 292
2 293
34 294
28 295
49 296
54 297
57 298
14 299
68 300
101 301
11 302
2 303
87 304
67 305
4 306
61 307
61 308
57 309
390 310
124 311
389 312
45 313
14 314
28 315
28 316
31 317
22 318
45 319
5 320
25 321
28 322
101 323
56 324
15 325
36 326
118 327
380 328
2 329
3 330
1 331
121 332
443 333
7 334
1 335
0 336
88 337
425 338
439 339
143 340
2 341
88 342
69 343
2 344
467 345
141 346
90 347
86 348
471 349
253 350
0 351
49 352
154 353
106 354
4 355
44 356
121 357
5 358
5 359
277 360
8 361
389 362
475 363
7 364
3 365
291 366
345 367
343 368
343 369
115 370
320 371
6 372
241 373
4 374
307 375
20 376
0 377
22 378
30 379
21 380
467 381
333 382
347 383
314 384
344 385
304 386
301 387
367 388
322 389
352 390
450 391
7 392
355 393
2 394
36 395
1 396
360 397
322 398
359 399
359 400
305 401
451 402
330 403
254 404
6 405
8 406
0 407
2 408
24 409
14 410
24 411
28 412
15 413
7 414
80 415
234 416
342 417
5 418
71 419
6 420
247 421
348 422
2 423
287 424
420 425
2 426
20 427
2 428
21 429
345 430
340 431
112 432
10 433
425 434
89 435
64 436
94 437
116 438
152 439
113 440
330 441
119 442
332 443
97 444
53 445
44 446
64 447
214 448
379 449
3 450
5 451
77 452
383 453
213 454
145 455
196 456
47 457
396 458
160 459
385 460
390 461
0 462
288 463
172 464
301 465
4 466
182 467
1 468
3 469
331 470
191 471
296 472
398 473
190 474
1 475
2 476
191 477
393 478
401 479
336 480
390 481
2 482
398 483
200 484
203 485
208 486
339 487
297 488
201 489
203 490
1 491
1 492
180 493
350 494
295 495
346 496
6 497
3 498
189 499
178 500
4 501
379 502
381 503
2 504
261 505
182 506
188 507
247 508
1 509
405 510
194 511
410 512
191 513
1 514
189 515
3 516
196 517
178 518
264 519
265 520
1 521
1 522
8 523
402 524
167 525
166 526
266 527
171 528
170 529
170 530
5 531
2 532
2 533
386 534
395 535
159 536
164 537
277 538
2 539
156 540
150 541
0 542
369 543
152 544
280 545
375 546
284 547
150 548
370 549
373 550
4 551
0 552
282 553
149 554
149 555
374 556
151 557
149 558
370 559
144 560
1 561
154 562
284 563
151 564
150 565
3 566
151 567
151 568
151 569
290 570
290 571
152 572
291 573
296 574
156 575
7 576
0 577
8 578
7 579
1 580
8 581
156 582
3 583
1 584
400 585
6 586
3 587
1 588
11 589
0 590
26 591
27 592
21 593
27 594
25 595
408 596
13 597
452 598
2 599
286 600
421 601
1 602
3 603
286 604
8 605
420 606
2 607
165 608
7 609
282 610
167 611
6 612
2 613
11 614
3 615
8 616
10 617
166 618
165 619
1 620
12 621
287 622
440 623
7 624
0 625
7 626
1 627
2 628
181 629
10 630
178 631
277 632
8 633
8 634
264 635
169 636
0 637
266 638
400 639
6 640
267 641
7 642
0 643
169 644
172 645
2 646
419 647
161 648
282 649
1 650
288 651
153 652
0 653
0 654
290 655
0 656
154 657
292 658
425 659
294 660
149 661
144 662
146 663
0 664
146 665
1 666
279 667
145 668
1 669
2 670
263 671
1 672
281 673
1 674
139 675
1 676
421 677
1 678
297 679
263 680
5 681
128 682
264 683
123 684
121 685
287 686
264 687
7 688
103 689
0 690
296 691
10 692
98 693
8 694
399 695
1 696
276 697
0 698
3 699
2 700
0 701
85 702
81 703
279 704
11 705
85 706
2 707
5 708
2 709
311 710
69 711
78 712
79 713
395 714
86 715
2 716
9 717
5 718
3 719
80 720
308 721
303 722
9 723
84 724
72 725
84 726
0 727
6 728
2 729
0 730
89 731
76 732
79 733
2 734
376 735
5 736
4 737
5 738
36 739
81 740
3 741
94 742
2 743
93 744
83 745
31 746
35 747
35 748
41 749
47 750
42 751
29 752
52 753
59 754
41 755
38 756
26 757
88 758
85 759
371 760
4 761
317 762
22 763
314 764
315 765
320 766
39 767
365 768
368 769
34 770
331 771
75 772
17 773
373 774
333 775
82 776
329 777
1 778
340 779
355 780
312 781
335 782
335 783
373 784
359 785
328 786
1 787
329 788
330 789
368 790
329 791
10 792
359 793
332 794
0 795
338 796
8 797
346 798
0 799
2 800
5 801
2 802
2 803
345 804
344 805
357 806
346 807
0 808
344 809
348 810
2 811
355 812
349 813
355 814
0 815
353 816
3 817
356 818
351 819
0 820
351 821
358 822
363 823
360 824
359 825
110 826
360 827
350 828
127 829
370 830
69 831
471 832
26 833
349 834
5 835
25 836
108 837
67 838
55 839
8 840
1 841
2 842
2 843
